set M:=  1000 2000 3000 ;
set N:=  1 2 3 4 5 6 7 8 9 10 11 12 13 14 15 16 17 18 19 20 21 22 23 24 25 26 27 28 29 30 ;
set K:=  1 2 ;
set R:=  1 2 3 4 ;
set MK:=  ( 3000 , 1 )  ( 2000 , 2 )  ;

param: latitud:=
1000 -33.4047226
2000 -33.4059765
3000 -33.4054749
1 -33.4089684345779
2 -33.4082454815928
3 -33.3977609387254
4 -33.406555397672
5 -33.4035023810312
6 -33.4033532258427
7 -33.3998116153329
8 -33.4035593759792
9 -33.4038325572518
10 -33.3990260472692
11 -33.4152867421466
12 -33.4099656837545
13 -33.3933409649389
14 -33.4077513598488
15 -33.4041321880105
16 -33.4055364925661
17 -33.4092496532725
18 -33.408160049981
19 -33.4046644662692
20 -33.4038162604994
21 -33.4097372683756
22 -33.4084117154598
23 -33.4081506365122
24 -33.407035952741
25 -33.4027655435152
26 -33.3974108599958
27 -33.4155621346329
28 -33.4067835012786
29 -33.4096204342312
30 -33.4107423103791
;
param: longitud:=
1000 -70.7456947
2000 -70.7025865
3000 -70.7331208
1 -70.6975210331794
2 -70.7289690804334
3 -70.694725032591
4 -70.7246994504694
5 -70.7443960615884
6 -70.7431384494474
7 -70.7261903399733
8 -70.714434114281
9 -70.6985094416442
10 -70.7090008490353
11 -70.6845460569907
12 -70.7375207987449
13 -70.6934801374168
14 -70.7252721449562
15 -70.7441794965907
16 -70.7379342592029
17 -70.746125226691
18 -70.7159633579749
19 -70.7254647976551
20 -70.7229054764192
21 -70.7270785843096
22 -70.7319209664351
23 -70.7344705499978
24 -70.7432224395481
25 -70.691458828361
26 -70.7031664939266
27 -70.6792010803775
28 -70.7042818712766
29 -70.7257540078649
30 -70.7461141055437
;

param Q:= 
1 1 2500
2 1 2500
3 1 2500
4 1 2500
1 2 2500
2 2 2500
3 2 2500
4 2 2500
;

param F:= 
1 20000
2 20000
;

param alfa:= 
1 1397
2 1397
;

param D
:  1 2 3 4 5 6 7 8 9 10 11 12 13 14 15 16 17 18 19 20 21 22 23 24 25 26 27 28 29 30 1000 2000 3000 :=
1 0.0 4.235 2.1 3.636 5.757 5.603 4.379 3.001 1.589 2.957 2.223 5.117 2.58 3.804 5.718 5.163 5.734 2.812 3.908 3.76 3.914 4.464 4.723 5.466 1.276 2.673 2.108 1.666 3.786 5.752 5.992 1.51 4.511 
2 3.581 0.0 4.201 0.588 1.97 1.816 1.232 1.862 3.281 2.802 5.642 1.299 4.886 0.69 1.931 1.318 1.852 1.54 0.731 1.071 0.338 0.378 0.624 1.679 4.575 3.473 5.453 3.463 0.466 1.971 2.205 3.547 0.741 
3 2.012 4.016 0.0 3.392 5.61 5.456 3.464 2.284 1.271 1.942 2.994 4.898 0.759 3.56 5.499 4.944 5.515 2.593 3.484 3.298 3.695 4.245 4.504 5.247 0.837 1.324 2.879 2.228 3.567 5.533 5.773 1.806 4.194 
4 2.912 0.599 3.613 0.0 2.291 2.137 0.828 1.274 2.693 2.214 4.973 1.832 4.298 0.168 2.082 1.527 2.328 0.969 0.272 0.498 0.567 0.911 1.087 1.83 3.906 2.885 4.784 2.785 0.551 2.467 2.356 2.878 0.875 
5 5.054 1.874 6.011 2.142 0.0 0.154 2.627 3.667 5.091 4.333 7.371 1.639 6.696 2.244 0.099 0.813 0.69 3.111 2.126 2.466 2.17 1.64 1.356 0.66 6.048 5.004 7.182 5.187 2.298 0.985 0.262 5.276 1.415 
6 4.9 1.72 5.857 1.988 0.154 0.0 2.473 3.513 4.937 4.179 7.217 1.585 6.542 2.09 0.181 0.659 0.844 2.957 1.972 2.312 2.016 1.486 1.202 0.596 5.894 4.85 7.028 5.033 2.144 1.139 0.416 5.122 1.261 
7 3.31 1.427 3.967 0.828 2.421 2.267 0.0 1.442 3.1 2.074 5.588 2.503 4.652 0.996 2.448 2.04 3.019 1.705 0.67 0.636 1.395 1.501 1.73 2.503 3.954 2.745 5.492 3.192 1.379 3.128 2.683 3.276 1.211 
8 2.014 1.873 2.833 1.274 3.16 3.006 1.425 0.0 1.804 0.94 4.338 2.988 3.518 1.442 3.187 2.573 3.62 0.634 1.034 0.848 1.806 2.102 2.361 3.104 2.82 1.611 4.149 1.896 1.678 3.623 3.63 1.98 1.744 
9 1.007 3.363 1.662 2.764 4.924 4.77 2.836 1.656 0.0 1.454 2.611 4.27 2.347 2.932 4.846 4.291 4.887 1.965 2.716 2.504 3.067 3.592 3.851 4.594 1.664 1.13 2.526 1.21 2.939 4.905 5.12 0.859 3.508 
10 1.931 2.75 2.212 2.069 4.037 3.883 2.057 0.877 1.414 0.0 3.871 3.865 2.897 2.319 4.064 3.45 4.497 1.511 1.911 1.725 2.683 2.979 3.238 3.981 2.199 0.671 3.756 2.147 2.555 4.5 4.507 1.725 2.621 
11 2.362 5.344 2.647 4.745 6.866 6.712 4.955 4.11 2.381 3.533 0.0 6.226 3.127 4.913 6.827 6.272 6.843 3.921 5.017 4.869 5.023 5.573 5.832 6.575 1.841 3.307 0.89 2.775 4.895 6.861 7.101 2.303 5.62 
12 4.294 1.042 5.126 1.584 1.291 1.254 2.268 2.782 4.206 3.722 6.371 0.0 5.811 1.458 1.192 0.824 0.906 2.253 1.737 2.036 1.01 0.746 0.545 0.826 5.288 4.393 6.182 4.176 1.138 1.064 1.466 4.276 1.151 
13 2.72 4.724 0.759 4.1 6.318 6.164 4.172 2.992 1.979 2.65 3.469 5.606 0.0 4.268 6.207 5.652 6.223 3.301 4.192 4.006 4.403 4.953 5.212 5.955 1.312 2.032 3.373 2.936 4.275 6.241 6.481 2.514 4.902 
14 3.08 0.486 3.781 0.168 2.393 2.162 0.996 1.442 2.861 2.382 5.141 1.703 4.466 0.0 2.335 1.629 2.199 1.022 0.44 0.666 0.438 0.782 1.028 2.025 4.074 3.053 4.952 2.953 0.422 2.338 2.609 3.046 0.977 
15 5.081 1.901 6.038 2.169 0.099 0.181 2.654 3.694 5.118 4.36 7.398 1.54 6.723 2.271 0.0 0.84 0.663 3.138 2.153 2.493 2.139 1.667 1.311 0.561 6.075 5.031 7.209 5.214 2.267 0.958 0.235 5.303 1.442 
16 4.718 1.287 5.424 1.555 0.813 0.659 2.04 3.085 4.504 3.746 6.784 1.152 6.109 1.657 0.84 0.0 1.183 2.775 1.539 1.879 1.628 1.053 0.769 0.667 5.712 4.417 6.595 4.605 1.756 1.341 1.075 4.689 0.828 
17 5.104 1.852 5.936 2.352 0.686 0.831 3.048 3.592 5.0 4.532 7.181 1.137 6.621 2.268 0.659 1.456 0.0 3.063 2.479 2.846 1.82 1.505 1.355 0.516 6.098 5.203 6.992 4.986 1.948 0.342 0.78 5.086 1.901 
18 2.088 1.417 2.904 0.969 3.09 2.936 1.705 0.634 1.984 1.574 4.149 2.352 3.589 1.059 3.051 2.496 2.969 0.0 1.241 1.093 1.149 1.713 2.056 2.799 3.082 2.245 3.96 1.97 1.021 2.987 3.325 2.054 1.844 
19 3.184 0.785 3.885 0.272 2.126 1.972 0.67 1.546 2.965 2.144 5.245 2.01 4.57 0.44 2.153 1.539 2.518 1.241 0.0 0.34 0.839 0.97 1.229 2.002 4.178 2.815 5.056 3.057 0.823 2.627 2.388 3.15 0.71 
20 3.036 1.097 3.737 0.498 2.466 2.312 0.636 1.397 2.817 2.029 5.097 2.342 4.422 0.666 2.493 1.879 2.858 1.093 0.34 0.0 1.06 1.34 1.569 2.342 3.909 2.7 4.908 2.909 0.932 2.967 2.728 3.002 1.05 
21 3.3 0.338 4.116 0.566 2.205 2.051 1.394 1.772 3.196 2.712 5.361 1.296 4.801 0.448 2.106 1.561 1.82 1.259 0.838 1.026 0.0 0.61 0.859 1.74 4.294 3.383 5.172 3.182 0.128 1.957 2.38 3.266 1.023 
22 3.877 0.378 4.523 0.814 1.545 1.411 1.503 2.184 3.603 3.124 5.938 1.035 5.208 0.916 1.526 0.971 1.531 1.836 1.002 1.342 0.61 0.0 0.36 1.451 4.871 3.795 5.749 3.759 0.738 1.707 1.8 3.843 0.697 
23 4.123 0.624 4.769 1.045 1.326 1.172 1.734 2.43 3.849 3.37 6.184 0.866 5.454 1.147 1.353 0.752 1.355 2.057 1.353 1.654 0.859 0.36 0.0 1.055 5.117 4.041 5.995 4.005 0.987 1.501 1.588 4.089 0.928 
24 5.024 1.552 5.84 1.82 0.66 0.596 2.474 3.094 4.92 4.452 7.101 1.139 6.525 1.922 0.561 0.94 0.516 2.983 1.973 2.313 1.74 1.318 1.034 0.0 6.018 5.123 6.912 4.906 1.868 0.674 0.789 5.006 1.466 
25 1.562 4.6 0.824 3.704 5.922 5.768 3.776 2.762 1.758 2.254 2.175 5.482 1.304 3.872 5.949 5.528 6.099 3.177 3.796 3.61 4.279 4.829 5.088 5.831 0.0 1.636 2.06 2.031 4.151 6.117 6.357 1.68 4.506 
26 1.647 3.421 1.631 2.74 4.708 4.554 2.728 1.548 1.13 0.671 3.775 4.536 2.316 2.908 4.735 4.121 5.168 2.182 2.582 2.396 3.302 3.65 3.909 4.652 1.618 0.0 3.66 1.863 3.174 5.171 5.178 1.441 3.292 
27 2.538 5.52 2.945 4.921 7.042 6.888 5.253 4.286 2.679 3.831 0.626 6.402 3.425 5.089 7.003 6.448 7.019 4.097 5.193 5.045 5.199 5.749 6.008 6.751 2.139 3.605 0.0 2.951 5.071 7.037 7.277 2.601 5.796 
28 0.978 2.569 1.794 1.97 4.091 3.937 2.57 1.306 0.874 1.348 2.919 3.451 2.479 2.138 4.052 3.497 4.068 1.146 2.242 2.094 2.248 2.798 3.057 3.8 1.781 1.34 2.804 0.0 2.12 4.086 4.326 0.944 2.845 
29 3.172 0.466 3.988 0.488 2.333 2.179 1.316 1.644 3.068 2.584 5.233 1.424 4.673 0.32 2.234 1.689 1.948 1.131 0.76 0.898 0.128 0.738 0.987 1.868 4.166 3.255 5.044 3.054 0.0 2.085 2.508 3.138 1.077 
30 5.044 1.954 5.86 2.51 0.854 0.999 3.206 3.639 4.94 4.579 7.105 0.961 6.545 2.426 0.827 1.613 0.168 3.003 2.637 3.004 1.978 1.689 1.45 0.674 6.038 5.25 6.916 4.926 2.106 0.0 0.948 5.01 2.059 
1000 5.499 1.857 6.315 2.125 0.645 0.79 2.779 3.399 5.395 4.729 7.576 1.614 7.0 2.227 0.618 1.209 0.524 3.458 2.278 2.862 2.215 1.623 1.339 0.472 6.493 5.4 7.387 5.381 2.343 0.819 0.0 5.481 1.771 
2000 1.349 2.822 1.752 2.223 4.344 4.19 2.482 1.302 0.832 1.1 3.289 3.704 2.437 2.391 4.305 3.75 4.321 1.399 2.362 2.15 2.501 3.051 3.31 4.053 1.739 1.298 3.174 1.565 2.373 4.339 4.579 0.0 3.098 
3000 3.894 0.78 4.595 0.982 1.415 1.261 1.211 2.256 3.675 2.917 5.955 1.472 5.28 1.079 1.442 0.828 1.953 1.951 0.71 1.05 1.003 0.695 0.954 1.464 4.797 3.588 5.766 3.776 1.057 2.089 1.677 3.86 0.0 
;
param q:=
1 1 85
1 2 6
1 3 8
1 4 3
2 1 41
2 2 3
2 3 4
2 4 2
3 1 41
3 2 3
3 3 4
3 4 2
4 1 42
4 2 3
4 3 4
4 4 2
5 1 40
5 2 3
5 3 4
5 4 2
6 1 122
6 2 9
6 3 12
6 4 4
7 1 185
7 2 13
7 3 18
7 4 5
8 1 131
8 2 9
8 3 13
8 4 4
9 1 175
9 2 12
9 3 17
9 4 5
10 1 37
10 2 3
10 3 4
10 4 2
11 1 178
11 2 12
11 3 17
11 4 5
12 1 178
12 2 12
12 3 17
12 4 5
13 1 89
13 2 6
13 3 9
13 4 3
14 1 129
14 2 9
14 3 13
14 4 4
15 1 81
15 2 6
15 3 8
15 4 3
16 1 218
16 2 15
16 3 21
16 4 6
17 1 42
17 2 3
17 3 4
17 4 2
18 1 129
18 2 9
18 3 13
18 4 4
19 1 43
19 2 3
19 3 4
19 4 2
20 1 86
20 2 6
20 3 8
20 4 3
21 1 117
21 2 8
21 3 11
21 4 4
22 1 44
22 2 3
22 3 5
22 4 2
23 1 76
23 2 6
23 3 8
23 4 3
24 1 123
24 2 9
24 3 12
24 4 4
25 1 87
25 2 6
25 3 9
25 4 3
26 1 178
26 2 12
26 3 17
26 4 5
27 1 172
27 2 12
27 3 16
27 4 5
28 1 39
28 2 3
28 3 4
28 4 2
29 1 124
29 2 9
29 3 12
29 4 4
30 1 35
30 2 3
30 3 4
30 4 2
1000 1 0
1000 2 0
1000 3 0
1000 4 0
2000 1 0
2000 2 0
2000 3 0
2000 4 0
3000 1 0
3000 2 0
3000 3 0
3000 4 0
;

